飞驰人生;6.9;508355,11.7%,37.3%,39.8%,9.2%,2.1%,喜剧,
风中有朵雨做的云;7.5;151815,17.0%,46.5%,30.5%,4.8%,1.2%,剧情,悬疑,犯罪,
北极 Arctic;6.9;552,12.2%,29.0%,49.0%,8.9%,0.9%,剧情,
遇见女孩的感觉 Ek Ladki Ko Dekha Toh Aisa Laga;7.6;464,23.2%,39.0%,32.0%,3.9%,1.9%,剧情,喜剧,爱情,同性,歌舞,
太空生活 High Life;6.3;731,8.0%,27.3%,40.9%,17.2%,6.7%,剧情,科幻,
过春天;7.8;79711,17.7%,58.4%,22.3%,1.4%,0.2%,剧情,
绿皮书 Green Book;8.9;527930,54.3%,38.6%,6.7%,0.3%,0.1%,剧情,喜剧,传记,
小偷家族 万引き家族;8.7;372217,45.0%,44.7%,9.4%,0.7%,0.2%,剧情,家庭,犯罪,
密室逃生 Escape Room;7.2;114921,10.4%,45.9%,39.2%,3.9%,0.5%,悬疑,惊悚,
新喜剧之王;5.7;252177,9.1%,17.6%,34.4%,25.6%,13.3%,剧情,喜剧,
海市蜃楼 Durante la tormenta;7.8;135410,19.7%,51.1%,26.5%,2.4%,0.3%,科幻,悬疑,惊悚,
波西米亚狂想曲 Bohemian Rhapsody;8.7;251798,49.8%,37.8%,11.0%,1.2%,0.2%,剧情,音乐,传记,
阳台上;5.9;14504,3.6%,20.4%,46.5%,24.7%,4.8%,剧情,
疯狂的外星人;6.4;414696,8.4%,27.4%,44.3%,15.7%,4.3%,喜剧,科幻,
何以为家 كفرناحوم;8.8;22131,49.6%,41.7%,7.8%,0.6%,0.2%,剧情,
蜘蛛侠：平行宇宙 Spider-Man: Into the Spider-Verse;8.7;312940,47.6%,39.6%,11.6%,0.9%,0.3%,动作,科幻,动画,冒险,
无主之作 Werk ohne Autor;8.6;9826,43.0%,44.4%,11.3%,1.0%,0.3%,剧情,
大黄蜂 Bumblebee;7.0;245044,11.5%,38.7%,41.6%,7.1%,1.1%,动作,科幻,冒险,
海王 Aquaman;7.6;562194,22.4%,43.5%,29.0%,4.3%,0.9%,动作,奇幻,冒险,
无双 無雙;8.1;569939,25.9%,53.4%,18.8%,1.7%,0.3%,剧情,动作,悬疑,犯罪,
白蛇：缘起;7.9;323016,27.4%,45.8%,23.3%,2.9%,0.6%,爱情,动画,奇幻,
毒液：致命守护者 Venom;7.2;513876,11.9%,42.9%,39.7%,4.9%,0.6%,动作,科幻,惊悚,
无名之辈;8.1;615665,29.5%,47.8%,19.8%,2.5%,0.5%,剧情,喜剧,
驯龙高手3 How To Train Your Dragon: The Hidden World;7.5;111167,17.7%,43.7%,34.6%,3.5%,0.4%,动画,奇幻,冒险,
我不是药神;9.0;1087336,57.5%,34.8%,6.9%,0.5%,0.2%,剧情,喜剧,
气球 Ballon;8.4;7916,34.1%,51.8%,13.2%,0.8%,0.2%,剧情,惊悚,历史,
一出好戏;7.1;605028,12.0%,41.6%,37.5%,7.1%,1.8%,剧情,喜剧,
蚁人2：黄蜂女现身 Ant-Man and the Wasp;7.3;316433,12.0%,46.1%,37.9%,3.6%,0.4%,动作,科幻,冒险,
极限职业 극한직업;7.7;46565,18.5%,49.6%,29.3%,2.2%,0.3%,喜剧,动作,犯罪,
阿丽塔：战斗天使 Alita: Battle Angel;7.6;310330,21.2%,43.6%,30.0%,4.3%,0.8%,动作,科幻,冒险,
神奇动物：格林德沃之罪 Fantastic Beasts: The Crimes of Grindelwald;7.1;295118,14.3%,35.4%,41.1%,7.9%,1.2%,奇幻,冒险,
西虹市首富;6.5;627470,9.5%,29.2%,44.2%,13.2%,3.9%,喜剧,
无敌破坏王2：大闹互联网 Ralph Breaks the Internet;8.1;214223,31.2%,44.7%,21.6%,2.1%,0.3%,喜剧,动画,奇幻,冒险,
骡子 The Mule;8.1;17180,25.5%,53.3%,19.8%,1.2%,0.2%,剧情,悬疑,惊悚,犯罪,
“大”人物;6.5;118622,6.0%,28.9%,51.9%,11.3%,1.9%,动作,犯罪,
影;7.2;388847,13.7%,43.8%,34.7%,6.1%,1.6%,剧情,动作,武侠,古装,
邪不压正;7.0;454569,13.8%,36.7%,38.4%,8.7%,2.4%,剧情,喜剧,动作,
碟中谍6：全面瓦解 Mission: Impossible - Fallout;8.1;367863,28.8%,50.2%,19.3%,1.4%,0.2%,动作,惊悚,冒险,
忌日快乐2 Happy Death Day 2U;6.7;27925,7.7%,31.2%,49.6%,10.1%,1.4%,悬疑,惊悚,恐怖,
死侍2：我爱我家 Deadpool 2;7.3;266059,14.3%,43.0%,36.7%,5.0%,1.0%,喜剧,动作,科幻,冒险,
深红累之渊 累-かさね-;7.9;2528,22.8%,50.8%,23.7%,2.2%,0.5%,悬疑,
地球最后的夜晚;6.8;146676,16.5%,35.1%,29.7%,11.1%,7.6%,剧情,爱情,悬疑,
玻璃先生 Glass;6.4;9283,8.3%,24.8%,48.7%,15.0%,3.1%,悬疑,惊悚,犯罪,
死寂 The Silence;5.9;3222,5.3%,17.0%,51.7%,21.5%,4.5%,恐怖,
翠丝 翠絲;6.8;5474,9.8%,31.5%,47.4%,9.5%,1.7%,剧情,同性,
特工 공작;8.5;73391,39.5%,46.7%,12.7%,0.9%,0.2%,剧情,
来电狂响;5.8;179705,3.7%,17.7%,48.7%,24.0%,5.9%,剧情,喜剧,
动物世界;7.2;346308,12.0%,45.9%,35.3%,5.3%,1.5%,剧情,动作,冒险,
江湖儿女;7.6;178344,18.1%,49.6%,28.2%,3.4%,0.7%,爱情,犯罪,
一个明星的诞生 A Star Is Born;7.2;63466,16.4%,36.0%,38.9%,7.5%,1.2%,剧情,爱情,音乐,
我想吃掉你的胰脏 君の膵臓をたべたい;6.9;29078,13.1%,33.6%,40.0%,10.6%,2.8%,爱情,动画,
廉政风云 廉政風雲 煙幕;5.3;57493,1.5%,10.6%,47.7%,34.2%,6.0%,剧情,悬疑,犯罪,
罗马 Roma;8.1;51840,29.1%,49.0%,19.6%,2.0%,0.3%,剧情,家庭,
反贪风暴3 L風暴;5.7;74996,2.8%,12.8%,53.7%,26.1%,4.6%,剧情,动作,犯罪,
燃烧 버닝;7.9;146568,25.9%,47.9%,22.0%,3.1%,1.2%,剧情,悬疑,
你好，之华;6.7;176482,9.3%,32.8%,44.3%,11.3%,2.3%,剧情,爱情,
一条狗的回家路 A Dog's Way Home;6.8;16636,10.2%,31.6%,49.6%,7.4%,1.1%,剧情,冒险,
宠儿 The Favourite;7.4;46107,12.5%,49.8%,34.8%,2.6%,0.3%,剧情,喜剧,同性,传记,
找到你;7.4;136989,13.9%,46.2%,35.2%,4.0%,0.7%,剧情,家庭,
劫匪 The Highwaymen;7.3;4892,12.0%,45.3%,38.3%,3.9%,0.5%,剧情,悬疑,惊悚,犯罪,
性别为本 On the Basis of Sex;7.6;2834,19.4%,44.3%,32.3%,3.5%,0.6%,剧情,传记,
幸福的拉扎罗 Lazzaro felice;8.6;53855,45.1%,41.8%,11.0%,1.4%,0.6%,剧情,奇幻,
巴斯特·斯克鲁格斯的歌谣 The Ballad of Buster Scruggs;8.4;50223,36.6%,50.1%,12.3%,0.8%,0.2%,喜剧,歌舞,西部,
夏目友人帐 劇場版 夏目友人帳 ～うつせみに結ぶ～;8.0;63433,30.9%,43.7%,22.6%,2.2%,0.6%,剧情,动画,奇幻,
李茶的姑妈;4.6;199511,2.4%,7.5%,31.4%,36.7%,21.9%,喜剧,
娑婆诃 사바하;7.1;3389,12.1%,39.6%,41.7%,5.7%,1.0%,剧情,悬疑,惊悚,
非分熟女;5.0;998,0.4%,8.0%,43.6%,35.6%,12.4%,剧情,情色,
夜以继日 寝ても覚めても;7.4;9078,18.5%,42.8%,30.5%,6.4%,1.7%,剧情,爱情,
一吻定情;4.7;55092,3.4%,9.5%,29.5%,32.6%,25.0%,喜剧,爱情,
女孩 Girl;8.2;12271,26.8%,57.0%,15.0%,0.7%,0.5%,剧情,同性,
憨豆特工3 Johnny English Strikes Again;6.4;53637,6.0%,23.8%,55.1%,13.4%,1.8%,喜剧,动作,冒险,
证人 증인;7.7;4342,17.9%,50.6%,29.2%,2.0%,0.3%,剧情,惊悚,
昨日青空;6.1;41044,7.4%,20.9%,45.7%,20.6%,5.4%,爱情,动画,
国家破产之日 국가부도의 날;7.5;18882,15.7%,47.2%,33.5%,3.1%,0.5%,剧情,
魔女 마녀;7.3;17580,15.9%,39.0%,38.1%,5.9%,1.1%,动作,悬疑,
巨齿鲨 The Meg;5.7;152088,2.7%,14.5%,55.0%,23.2%,4.6%,动作,科幻,惊悚,
悲伤逆流成河;5.8;138271,7.0%,19.4%,41.1%,23.4%,9.1%,剧情,爱情,
胡桃夹子和四个王国 The Nutcracker And The Four Realms;6.0;48174,4.4%,16.9%,55.8%,20.3%,2.6%,奇幻,冒险,
龙珠超：布罗利 ドラゴンボール超 ブロリー;7.6;11165,23.1%,41.7%,29.6%,4.7%,0.9%,动画,
此房是我造 The House That Jack Built;7.3;33946,19.1%,41.0%,29.2%,6.8%,4.0%,喜剧,惊悚,犯罪,
狄仁杰之四大天王;6.1;201968,4.9%,23.7%,48.4%,18.5%,4.5%,动作,悬疑,奇幻,武侠,古装,
精灵旅社3：疯狂假期 Hotel Transylvania 3: Summer Vacation;6.7;74719,8.5%,29.9%,50.7%,9.8%,1.1%,喜剧,动画,奇幻,
快把我哥带走;6.8;215808,10.9%,34.4%,42.7%,10.0%,2.0%,喜剧,奇幻,
摇摆狂潮 스윙키즈;8.2;21583,35.2%,45.1%,16.9%,2.0%,0.7%,剧情,歌舞,战争,
副总统 Vice;6.8;9288,8.3%,33.3%,49.0%,8.2%,1.2%,剧情,喜剧,传记,历史,
阳光姐妹淘 SUNNY 強い気持ち・強い愛;8.7;3731,45.8%,43.4%,9.9%,0.7%,0.3%,剧情,喜剧,歌舞,
野梨树 Ahlat Ağacı;8.2;6741,31.8%,48.2%,16.9%,2.3%,0.8%,剧情,
宠物坟场 Pet Sematary;6.1;1170,4.4%,19.8%,52.5%,20.7%,2.6%,悬疑,惊悚,恐怖,
我的英雄学院：两位英雄 僕のヒーローアカデミア THE MOVIE ～2人の英雄～;7.2;19465,16.6%,36.6%,39.7%,6.0%,1.1%,动作,动画,
摩天营救 Skyscraper;6.3;120881,4.3%,23.3%,58.8%,12.1%,1.5%,动作,惊悚,冒险,
摘金奇缘 Crazy Rich Asians;6.1;72400,5.2%,22.0%,50.2%,18.5%,4.1%,喜剧,爱情,
神探蒲松龄;3.8;44444,1.2%,2.7%,18.9%,41.7%,35.6%,喜剧,动作,奇幻,
超时空同居;6.9;353568,8.2%,36.1%,47.0%,7.6%,1.1%,喜剧,爱情,奇幻,
黑镜：潘达斯奈基 Black Mirror: Bandersnatch;6.9;50085,13.5%,32.4%,41.9%,9.4%,2.8%,剧情,科幻,悬疑,惊悚,
境·界 BLEACH;4.9;7363,1.6%,7.1%,38.0%,40.4%,12.9%,动作,奇幻,冒险,
虽然只是弄丢了手机 スマホを落としただけなのに;5.7;844,4.2%,13.6%,51.6%,25.5%,5.2%,剧情,悬疑,惊悚,
T-34坦克 T-34;7.7;7612,20.3%,48.1%,26.8%,3.4%,1.4%,动作,历史,战争,
我身体里的那个家伙 내안의 그놈;6.9;13732,10.5%,34.9%,47.0%,6.6%,1.0%,剧情,喜剧,
瞒天过海：美人计 Ocean's Eight;6.7;149606,7.1%,31.1%,52.8%,8.3%,0.7%,喜剧,犯罪,
掠食城市 Mortal Engines;6.4;36859,7.5%,27.0%,48.2%,15.2%,2.2%,动作,科幻,冒险,
江边旅馆 강변호텔;7.3;1116,12.4%,45.9%,36.1%,4.7%,0.8%,剧情,
续·终物语 続・終物語;8.7;764,53.5%,32.7%,9.9%,1.8%,2.1%,动画,
超人总动员2 Incredibles 2;7.9;169969,24.0%,48.4%,25.6%,1.8%,0.2%,喜剧,动作,动画,冒险,
登月第一人 First Man;7.7;28146,17.7%,51.5%,28.2%,2.1%,0.4%,剧情,传记,历史,
阴风阵阵 Suspiria;6.7;17719,12.7%,31.8%,39.5%,12.4%,3.6%,惊悚,恐怖,
天气预爆;3.8;50190,2.1%,4.3%,17.9%,32.6%,43.1%,喜剧,奇幻,
与神同行2：因与缘 신과함께-인과 연;7.5;54973,17.6%,44.3%,33.2%,4.2%,0.7%,动作,奇幻,
三方国界 Triple Frontier;6.3;9502,5.1%,23.1%,56.3%,13.9%,1.5%,动作,犯罪,冒险,
坏种 The Bad Seed;6.7;6755,9.7%,28.6%,49.3%,10.6%,1.7%,剧情,悬疑,恐怖,
芳龄十六 Level 16;6.1;1296,6.4%,16.2%,55.0%,19.5%,2.9%,科幻,
风语咒;6.9;89607,13.1%,33.0%,41.5%,10.1%,2.3%,动画,奇幻,
过昭关;7.3;981,16.6%,40.9%,35.5%,6.0%,1.0%,剧情,家庭,儿童,
克隆人 Replicas;6.1;9111,5.1%,21.6%,51.0%,19.0%,3.3%,科幻,悬疑,犯罪,
一个小忙 A Simple Favor;7.1;34852,9.9%,42.9%,42.4%,4.4%,0.5%,剧情,悬疑,犯罪,
蒙上你的眼 Bird Box;7.1;23691,10.8%,41.4%,41.1%,5.7%,1.0%,剧情,科幻,惊悚,
企鹅公路 ペンギン・ハイウェイ;7.9;3603,26.6%,44.5%,24.7%,3.3%,0.8%,动画,
检察方的罪人 検察側の罪人;7.2;6153,13.6%,39.7%,41.1%,4.7%,0.9%,剧情,悬疑,犯罪,
德鲁大叔 Uncle Drew;6.4;16613,10.2%,22.7%,48.9%,15.1%,3.1%,喜剧,运动,
奎迪：英雄再起 Creed II;7.1;15180,9.9%,42.5%,41.8%,5.1%,0.6%,剧情,运动,
银魂2 銀魂2 掟は破るためにこそある;7.4;19944,16.7%,41.7%,35.8%,5.0%,0.8%,喜剧,动作,冒险,
欢乐满人间2 Mary Poppins Returns;6.8;4857,10.2%,28.8%,50.5%,9.3%,1.1%,歌舞,
被抹去的男孩 Boy Erased;7.4;11615,14.6%,43.8%,37.6%,3.4%,0.5%,剧情,同性,传记,
终点到达 Then Came You;7.4;1899,17.7%,42.0%,35.3%,4.3%,0.7%,剧情,喜剧,冒险,
寄宿学校 Boarding School;7.3;33725,15.5%,42.9%,35.1%,5.4%,1.0%,悬疑,恐怖,
黑色党徒 BlacKkKlansman;7.1;18764,9.1%,44.1%,40.7%,5.1%,0.9%,剧情,传记,犯罪,
非同凡响 非同凡響;6.6;751,7.6%,28.3%,53.0%,9.4%,1.8%,剧情,
你的鸟儿会唱歌 きみの鳥はうたえる;7.7;1638,18.5%,52.7%,25.1%,3.3%,0.4%,剧情,
我的间谍前男友 The Spy Who Dumped Me;6.2;39380,5.2%,23.7%,52.0%,16.4%,2.6%,喜剧,动作,
大浴场 Le Grand Bain;7.6;1216,17.2%,49.0%,29.8%,3.6%,0.5%,剧情,喜剧,
驭风男孩 The Boy Who Harnessed the Wind;7.9;2745,24.1%,50.3%,23.4%,1.6%,0.6%,剧情,
黄金兄弟;5.0;37856,3.2%,8.0%,37.7%,37.3%,13.9%,动作,犯罪,
侏罗纪世界2 Jurassic World: Fallen Kingdom;6.7;271102,7.2%,31.6%,51.2%,8.8%,1.2%,动作,科幻,冒险,
门锁 도어락;6.8;16656,8.6%,33.6%,48.5%,7.8%,1.5%,悬疑,惊悚,
后来的我们;5.9;258576,6.7%,19.2%,43.6%,21.6%,8.9%,剧情,爱情,
三重威胁之跨国大营救 Triple Threat;4.5;2408,2.3%,4.2%,29.6%,46.2%,17.6%,动作,
脱欧：无理之战 Brexit: The Uncivil War;7.7;7923,18.5%,49.1%,29.8%,2.2%,0.4%,剧情,
希斯特斯兄弟 The Sisters Brothers;7.7;7316,15.9%,56.6%,24.7%,2.3%,0.5%,犯罪,西部,冒险,
你能原谅我吗？ Can You Ever Forgive Me?;7.1;4599,9.8%,41.7%,43.4%,4.6%,0.5%,剧情,喜剧,传记,犯罪,
本回家了 Ben is Back;7.1;3466,9.0%,42.7%,44.1%,3.9%,0.3%,剧情,
极线杀手 Polar;6.9;17147,12.0%,32.5%,44.5%,9.3%,1.7%,动作,
山茶花飘零 散り椿;7.2;492,11.7%,43.6%,37.7%,5.6%,1.4%,剧情,动作,
咖啡未冷前 コーヒーが冷めないうちに;7.2;2436,12.2%,42.7%,40.3%,4.2%,0.6%,剧情,爱情,奇幻,
欢迎来到马文镇 Welcome to Marwen;6.3;735,6.4%,25.0%,49.3%,15.4%,3.9%,剧情,传记,
修女 The Nun;5.9;29298,4.6%,15.6%,52.2%,23.6%,3.9%,悬疑,惊悚,恐怖,
64号病历 Journal 64;7.1;4021,12.0%,39.5%,42.8%,5.1%,0.6%,悬疑,惊悚,犯罪,
宁静 Serenity;6.1;4523,6.0%,20.3%,52.0%,18.0%,3.7%,剧情,科幻,悬疑,
冷战 Zimna wojna;7.8;18381,21.3%,51.7%,24.3%,2.3%,0.3%,剧情,爱情,音乐,
克里斯托弗·罗宾 Christopher Robin;8.0;20325,30.2%,44.0%,22.9%,2.5%,0.4%,喜剧,动画,冒险,
速成家庭 Instant Family;7.6;8383,16.6%,48.4%,31.3%,3.3%,0.4%,剧情,喜剧,
阿尔法：狼伴归途 Alpha;6.5;27896,7.6%,24.5%,53.1%,12.6%,2.2%,剧情,冒险,
喜欢，轻吻，快跑 Plaire, aimer et courir vite;7.8;13249,23.2%,48.5%,25.1%,2.7%,0.5%,剧情,爱情,同性,
致所有我曾爱过的男孩 To All the Boys I've Loved Before;7.3;22526,15.6%,42.1%,37.2%,4.4%,0.7%,爱情,
正义联盟大战致命五人组 Justice League vs. The Fatal Five;6.4;1521,6.3%,20.9%,58.5%,12.7%,1.5%,动画,
死亡天使 El ángel;7.5;3807,18.3%,44.1%,31.9%,3.9%,1.8%,剧情,同性,传记,犯罪,
乐高大电影2 The Lego Movie 2: The Second Part;6.8;5177,8.5%,33.4%,49.7%,7.8%,0.7%,喜剧,动画,歌舞,冒险,
未来的未来 未来のミライ;6.7;5961,10.5%,30.1%,46.3%,11.5%,1.7%,动画,奇幻,
三夫;6.5;902,8.1%,31.2%,42.5%,12.3%,5.9%,剧情,
胖子行动队;4.2;52969,2.7%,5.2%,25.1%,32.9%,34.1%,喜剧,动作,
铁血战士 The Predator;4.9;38930,1.8%,7.3%,39.6%,38.8%,12.4%,动作,科幻,惊悚,冒险,
污垢 The Dirt;7.7;1294,22.7%,45.0%,28.3%,3.3%,0.7%,音乐,传记,
叶问外传：张天志 葉問外傳：張天志;5.6;28811,3.4%,12.9%,49.8%,28.4%,5.5%,剧情,动作,犯罪,
恋如雨止 恋は雨上がりのように;7.3;6694,14.3%,42.5%,38.1%,4.4%,0.7%,剧情,爱情,
绿毛怪格林奇 The Grinch;6.3;7152,5.6%,20.7%,56.3%,15.7%,1.8%,喜剧,动画,奇幻,
你的婚礼 너의 결혼식;7.2;14658,13.6%,40.2%,40.4%,5.1%,0.8%,剧情,爱情,
硬核机器人 ハード・コア;6.6;1648,7.8%,29.3%,48.6%,11.7%,2.7%,喜剧,
假若比尔街能说话 If Beale Street Could Talk;6.5;3028,7.5%,25.5%,51.7%,13.1%,2.2%,剧情,爱情,犯罪,
宝贝儿;5.2;33858,4.2%,12.5%,38.4%,28.9%,16.1%,剧情,
冥王星时刻;6.6;9924,7.0%,30.7%,47.4%,12.8%,2.1%,剧情,
大师兄 大師兄;5.1;25813,3.0%,9.1%,40.5%,36.2%,11.2%,喜剧,动作,
皇家酒店谋杀案 Bad Times at the El Royale;6.9;19125,9.3%,35.7%,45.1%,8.7%,1.2%,剧情,悬疑,惊悚,犯罪,
老人和枪 The Old Man and the Gun;7.0;6111,9.5%,38.6%,45.1%,6.1%,0.8%,剧情,喜剧,犯罪,
阿拉姜色;7.6;12655,14.5%,56.2%,26.4%,2.6%,0.4%,剧情,家庭,
私人战争 A Private War;7.1;4406,12.0%,38.5%,42.3%,5.7%,1.5%,剧情,传记,战争,
朋克武士 パンク侍、斬られて候;5.7;1247,5.9%,19.6%,39.5%,25.6%,9.4%,喜剧,动作,奇幻,冒险,
白小姐 미쓰백;7.2;3012,13.7%,40.5%,40.9%,4.3%,0.6%,剧情,
邻座的怪同学 となりの怪物くん;6.5;4346,9.0%,26.1%,49.9%,13.2%,1.9%,剧情,喜剧,爱情,
开战 En Guerre;7.9;2326,23.5%,53.1%,20.4%,1.8%,1.2%,剧情,
霸主 Overlord;6.5;12645,6.6%,28.0%,51.3%,11.9%,2.1%,动作,科幻,恐怖,战争,
斯坦和奥利 Stan & Ollie;7.4;1180,14.5%,46.0%,35.7%,2.3%,1.4%,剧情,喜剧,传记,
海吉拉;7.3;5449,16.2%,41.7%,36.0%,5.3%,0.9%,剧情,爱情,
武林怪兽;3.5;19655,1.2%,2.2%,16.0%,31.9%,48.7%,喜剧,奇幻,武侠,
库尔斯克 Kursk;6.8;2392,8.4%,31.2%,52.0%,7.3%,1.2%,剧情,历史,灾难,
雪怪大冒险 Smallfoot;7.4;16079,13.4%,46.4%,37.0%,2.9%,0.3%,喜剧,动画,歌舞,冒险,
自由了！ En liberté!;7.0;899,9.5%,42.8%,38.1%,8.0%,1.6%,剧情,喜剧,犯罪,
印度暴徒 Thugs of Hindostan;5.9;18606,4.5%,17.4%,51.9%,21.4%,4.8%,喜剧,动作,冒险,
漂亮男孩 Beautiful Boy;6.2;6816,5.1%,21.2%,54.9%,17.6%,1.2%,剧情,
熊出没·原始时代;6.7;13103,9.6%,30.0%,46.8%,10.7%,2.9%,喜剧,动画,冒险,
冰海陷落 Hunter Killer;6.7;10852,8.2%,32.3%,49.0%,8.9%,1.6%,动作,战争,
滴答屋 The House with a Clock in its Walls;5.4;13197,2.4%,10.1%,51.1%,30.4%,6.0%,喜剧,惊悚,奇幻,冒险,
协商 협상;6.9;13971,11.5%,31.1%,47.7%,8.4%,1.3%,动作,悬疑,犯罪,
命运之夜——天之杯2：失去之蝶 劇場版Fate/stay night Heaven's Feel II.lost butterfly;8.6;2079,52.4%,29.9%,13.3%,2.5%,1.9%,剧情,动画,奇幻,
无间炼狱 Destroyer;5.9;1158,4.6%,15.7%,51.7%,24.6%,3.4%,剧情,惊悚,犯罪,
词典 말모이;7.7;2117,22.8%,43.9%,30.1%,2.3%,0.8%,剧情,历史,
完美的他人 완벽한타인;7.4;10666,13.4%,47.3%,35.7%,2.9%,0.7%,剧情,喜剧,
玛丽女王 Mary Queen of Scots;6.0;2507,4.7%,18.2%,52.8%,22.0%,2.3%,剧情,传记,历史,
老爸102岁 102 Not Out;7.3;12159,15.2%,41.8%,35.4%,6.2%,1.3%,剧情,喜剧,
难道不浪漫 Isn't It Romantic;5.9;3311,3.6%,15.7%,55.6%,21.5%,3.6%,喜剧,爱情,奇幻,
小镇车神之五菱漂移;4.1;952,1.7%,5.8%,19.2%,44.2%,29.2%,
你给的仇恨 The Hate U Give;7.8;6009,24.9%,46.4%,24.1%,3.2%,1.4%,剧情,犯罪,
伸冤人2 The Equalizer 2;7.0;20490,10.8%,34.1%,48.2%,6.1%,0.7%,动作,惊悚,犯罪,
小家伙 Айка;7.7;773,16.3%,55.6%,24.5%,3.6%,0.0%,剧情,
月光光心慌慌 Halloween;5.9;14098,5.7%,18.4%,46.7%,22.6%,6.6%,惊悚,恐怖,
盛夏 Лето;7.8;5933,22.0%,49.8%,24.8%,2.8%,0.6%,音乐,传记,
边境 Gräns;6.8;4314,7.6%,37.9%,45.5%,6.7%,2.4%,剧情,惊悚,奇幻,
王者少年 The Kid Who Would Be King;5.6;575,2.5%,12.3%,52.0%,27.7%,5.5%,奇幻,冒险,
康斯坦丁：恶魔之城 电影版 Constantine City of Demons: The Movie;7.5;5274,17.1%,46.0%,33.4%,2.9%,0.6%,动画,恐怖,奇幻,
寡妇联盟 Widows;6.2;7614,4.4%,21.0%,55.8%,16.5%,2.3%,剧情,惊悚,犯罪,
指挥家 De dirigent;7.3;533,16.3%,43.2%,30.6%,8.5%,1.4%,传记,
边境杀手2：边境战士 Sicario: Day of the Soldado;6.7;20036,6.9%,30.4%,52.6%,9.3%,0.9%,剧情,动作,犯罪,
妈妈咪呀2 Mamma Mia! Here We Go Again;7.0;18272,14.3%,34.7%,40.9%,9.1%,1.1%,喜剧,爱情,歌舞,
挪威7·22爆炸枪击案 22 July;7.5;6377,12.5%,54.7%,29.6%,2.7%,0.5%,剧情,历史,犯罪,
逃出水泥地 Dragged Across Concrete;6.8;1212,11.0%,34.9%,41.1%,10.2%,2.8%,剧情,动作,惊悚,犯罪,
家和万事惊 家和萬事驚;5.9;10313,3.9%,20.6%,48.1%,22.6%,4.7%,喜剧,家庭,
中国合伙人2;4.1;6234,2.0%,4.5%,22.3%,39.7%,31.6%,剧情,
孤狼之血 孤狼の血;7.8;8179,20.9%,52.5%,24.2%,2.1%,0.4%,剧情,犯罪,
肆式青春 詩季織々;5.5;16246,3.7%,15.0%,43.2%,30.3%,7.9%,动画,
人面鱼：红衣小女孩外传 人面魚：紅衣小女孩外傳;5.6;1456,4.7%,12.7%,45.8%,30.8%,6.0%,恐怖,
高潮 Climax;6.3;2949,11.2%,24.1%,40.3%,17.6%,6.8%,剧情,惊悚,歌舞,
塔巴德 Tumbbad;7.4;3949,15.5%,44.8%,34.1%,4.3%,1.3%,剧情,惊悚,奇幻,
幻土;5.8;528,4.3%,18.2%,46.7%,25.3%,5.5%,剧情,悬疑,
天方异谈;7.7;4232,20.0%,50.1%,25.7%,3.2%,1.1%,剧情,悬疑,奇幻,
独孤：倒回 독고 리와인드;8.2;1351,52.0%,22.4%,14.9%,5.0%,5.8%,动作,
美丽;6.3;661,6.0%,27.2%,44.7%,19.1%,3.0%,剧情,
90年代中期 Mid90s;7.2;3191,14.8%,40.3%,38.4%,5.3%,1.2%,剧情,喜剧,
伦敦战场 London Fields;5.3;1521,6.0%,10.4%,38.4%,33.1%,12.0%,悬疑,惊悚,犯罪,
绝地隧战 PMC: 더벙커;5.9;6059,6.0%,18.7%,47.5%,22.2%,5.5%,剧情,动作,惊悚,
银湖之底 Under the Silver Lake;6.5;5490,8.1%,30.9%,42.9%,14.3%,3.8%,剧情,喜剧,惊悚,犯罪,
麻药王 마약왕;5.7;6518,3.8%,12.5%,51.3%,28.3%,4.1%,剧情,动作,犯罪,
我的冤家是条狗 Patrick;6.4;6869,6.3%,23.9%,54.2%,13.8%,1.8%,喜剧,家庭,
龙虾刑警;4.9;44323,1.5%,6.4%,38.4%,41.1%,12.6%,喜剧,动作,犯罪,
集中营里的摄影师 El fotógrafo de Mauthausen;7.2;507,14.7%,35.8%,45.6%,3.0%,0.9%,传记,历史,战争,
罗宾汉：起源 Robin Hood;5.0;3095,1.6%,6.5%,43.7%,39.1%,9.1%,动作,冒险,
福尔摩斯与华生 Holmes and Watson;4.5;589,2.3%,6.4%,29.8%,35.2%,26.3%,喜剧,悬疑,犯罪,
响：成为小说家的方法 響 HIBIKI;6.9;1095,14.4%,32.0%,38.5%,13.0%,2.2%,剧情,
惊涛飓浪 Adrift;6.8;11112,7.8%,32.6%,52.2%,6.9%,0.5%,爱情,灾难,
每天回家都会看到老婆在装死 家に帰ると妻が必ず死んだふりをしています。;6.7;6236,8.8%,29.6%,49.7%,10.5%,1.5%,喜剧,
战斗民族养成记;4.7;3721,2.6%,7.0%,36.5%,32.6%,21.3%,喜剧,爱情,
22英里 Mile 22;6.8;13627,8.6%,34.8%,47.8%,7.6%,1.2%,动作,犯罪,冒险,
永恒之门 At Eternity's Gate;6.2;1510,7.8%,25.6%,41.0%,19.6%,6.0%,剧情,传记,
游侠索罗：星球大战外传 Solo: A Star Wars Story;6.9;42455,9.4%,35.5%,45.4%,8.5%,1.2%,动作,科幻,冒险,
逆流大叔;7.3;576,15.1%,44.3%,31.4%,7.6%,1.6%,剧情,
乔纳斯 Jonas;7.3;2175,13.3%,42.8%,38.8%,4.4%,0.8%,剧情,爱情,同性,
哈纳莱伊湾 ハナレイ・ベイ;6.9;889,8.6%,40.3%,42.4%,6.7%,2.0%,剧情,
暗数杀人 암수살인;6.7;7754,7.2%,29.9%,54.0%,8.3%,0.7%,剧情,惊悚,犯罪,
未择之路;6.8;14175,6.5%,34.8%,50.0%,7.8%,0.9%,剧情,犯罪,
逃组 뺑반;6.3;2599,7.9%,19.5%,53.3%,17.4%,2.0%,动作,
薄荷 Peppermint;6.5;6366,6.5%,25.8%,55.2%,11.2%,1.4%,剧情,动作,惊悚,
愤怒的黄牛 성난황소;6.2;5346,3.3%,20.7%,60.4%,14.7%,0.9%,动作,犯罪,
我是江小白 剧场版;7.8;890,31.5%,31.5%,32.6%,2.2%,2.2%,爱情,动画,
天鹅绒圆锯 Velvet Buzzsaw;5.6;3326,3.2%,13.9%,46.2%,30.7%,6.0%,剧情,悬疑,惊悚,
野性 Sauvage;6.9;2821,10.2%,36.4%,43.2%,8.4%,1.8%,剧情,情色,同性,
犬舍惊魂 Dogman;6.8;3836,6.7%,37.3%,46.6%,7.7%,1.6%,剧情,惊悚,犯罪,
光之声 Vox Lux;5.7;1231,4.2%,14.5%,49.4%,26.0%,5.9%,剧情,音乐,
法外之王 Outlaw King;7.4;4487,14.1%,44.8%,37.1%,3.5%,0.6%,剧情,动作,传记,历史,
一代巨星桑杰君 Sanju;7.6;1218,20.6%,43.3%,30.5%,4.8%,0.9%,剧情,传记,
小小巨人 Giant Little Ones;7.4;1070,16.1%,41.4%,37.7%,3.6%,1.2%,剧情,同性,
最好的朋友 Mi mejor amigo;7.1;1774,12.5%,37.8%,42.5%,6.4%,0.9%,剧情,同性,
乌里：外科手术式打击 Uri: The Surgical Strike;5.5;572,6.8%,12.4%,42.0%,26.8%,12.0%,剧情,动作,战争,
咏鹅 군산: 거위를 노래하다;7.1;2237,10.2%,45.1%,37.5%,5.7%,1.5%,剧情,爱情,历史,
战中女人 Kona fer í stríð;7.3;839,12.9%,47.1%,33.0%,5.3%,1.8%,剧情,喜剧,
三次元女友 3D彼女 リアルガール;6.3;1797,13.9%,15.9%,46.7%,19.9%,3.6%,喜剧,
罗布奥特曼剧场版：决定了！羁绊的水晶 劇場版 ウルトラマンR/B セレクト！絆のクリスタル;5.7;426,10.1%,16.7%,37.0%,20.7%,15.4%,喜剧,动作,科幻,儿童,
粽邪;5.2;1005,3.7%,9.7%,40.0%,37.1%,9.5%,剧情,惊悚,恐怖,
时间怪客 Time Freak;6.3;1448,8.0%,21.4%,51.0%,15.2%,4.4%,喜剧,爱情,科幻,
悠哉日常大王剧场版：假期活动 劇場版 のんのんびより ばけーしょん;8.7;1196,52.4%,33.7%,11.0%,1.5%,1.4%,喜剧,动画,
俄国新娘 The Russian Bride;5.4;621,4.2%,9.7%,47.1%,30.3%,8.7%,惊悚,恐怖,
地牢回忆 La noche de 12 años;7.7;1436,21.5%,44.9%,29.4%,3.3%,0.9%,剧情,历史,犯罪,
上流社会 상류사회;5.5;3347,4.5%,12.4%,45.4%,30.3%,7.3%,剧情,情色,
猖獗 창궐;5.7;6158,4.9%,11.9%,51.2%,27.8%,4.2%,动作,恐怖,
超人王朝 Reign of the Supermen;6.8;3590,9.2%,32.8%,48.9%,7.8%,1.2%,动作,科幻,动画,
初吻50次 50回目のファーストキス;6.9;4418,12.5%,29.1%,48.3%,8.8%,1.3%,喜剧,爱情,
君主！先发制人 センセイ君主;5.8;2241,7.7%,15.7%,43.7%,24.5%,8.4%,喜剧,爱情,
少年泰坦出击电影版 Teen Titans Go! To the Movies;8.1;3243,31.6%,45.5%,20.3%,2.0%,0.6%,喜剧,动作,动画,
阿浪的远方;7.0;2077,14.9%,36.1%,35.0%,10.9%,3.2%,喜剧,
超人之死 The Death of Superman;7.4;6861,15.8%,43.2%,36.1%,4.1%,0.8%,动作,科幻,动画,
目击者 목격자;6.1;5454,7.4%,21.5%,44.4%,20.2%,6.5%,悬疑,惊悚,
屠宰场准则 Slaughterhouse Rulez;5.0;662,3.4%,8.0%,35.0%,41.3%,12.3%,喜剧,动作,恐怖,
嗜人之夜 The Night Comes for Us;6.9;5849,13.2%,31.6%,42.6%,10.1%,2.4%,动作,
忍者蝙蝠侠 Batman Ninja;7.0;12214,13.8%,34.8%,39.7%,9.3%,2.3%,动作,动画,
人类清除计划4 The First Purge;5.3;9650,4.0%,11.1%,42.1%,33.8%,9.1%,科幻,惊悚,犯罪,
镜中人 Look Away;5.9;2645,6.1%,14.0%,51.5%,23.7%,4.8%,惊悚,
蜘蛛网中的女孩 The Girl in the Spider's Web;6.1;2879,5.2%,19.9%,53.6%,18.7%,2.7%,剧情,惊悚,犯罪,
抓人游戏 Tag;6.6;8533,8.8%,29.1%,48.7%,11.3%,2.1%,喜剧,
影像之书 Le livre d'image;7.6;1472,26.0%,39.5%,25.0%,5.3%,4.2%,剧情,
淡蓝琥珀;6.3;2940,4.0%,27.1%,51.5%,15.2%,2.2%,剧情,悬疑,
风的另一边 The Other Side of the Wind;7.3;881,17.3%,41.5%,33.7%,5.6%,1.9%,剧情,
泄密者 洩密者們;5.3;21846,1.7%,8.9%,49.4%,34.3%,5.7%,剧情,犯罪,
旅猫日记 旅猫リポート;8.2;468,40.6%,35.2%,18.8%,3.4%,2.0%,剧情,
使徒 Apostle;6.3;3625,6.6%,23.0%,51.8%,15.7%,3.0%,悬疑,惊悚,恐怖,
我的杰作 Mi obra maestra;7.3;444,10.7%,45.5%,39.9%,3.9%,0.0%,喜剧,
小猪佩奇过大年;4.0;9421,4.0%,6.9%,21.3%,21.3%,46.5%,动画,歌舞,家庭,儿童,
让我怎么相信你;5.3;761,9.0%,12.0%,31.9%,27.1%,19.9%,剧情,喜剧,
地面之洞 The Hole in the Ground;5.1;676,3.2%,7.1%,42.4%,37.4%,9.9%,恐怖,
一周不死，全额退款 Dead in a Week: Or Your Money Back;6.4;2291,6.2%,23.1%,56.4%,13.0%,1.4%,剧情,喜剧,动作,
阿加莎与谋杀的真谛 Agatha and the Truth of Murder;6.1;1065,3.2%,21.0%,56.8%,16.9%,2.2%,悬疑,犯罪,
邻里的人们 동네사람들;5.9;1926,4.7%,13.3%,55.4%,22.8%,3.7%,动作,悬疑,
三张面孔 سه چهره;6.5;909,6.0%,28.4%,54.3%,9.3%,2.0%,剧情,
禁入直播 Cam;5.8;3053,4.6%,15.1%,51.4%,24.4%,4.7%,悬疑,惊悚,恐怖,
代号基亚斯：反叛的鲁路修3之皇道 コードギアス 反逆のルルーシュⅢ 皇道;8.4;711,46.3%,33.5%,15.8%,1.8%,2.7%,动作,科幻,动画,
姐姐 언니;5.9;1828,7.6%,16.3%,48.0%,21.6%,6.5%,动作,
重塑人生 Second Act;5.7;648,3.6%,13.3%,51.5%,25.9%,5.7%,喜剧,爱情,
谁杀死了堂吉诃德 El hombre que mató a Don Quijote;6.9;1482,8.0%,37.5%,47.8%,6.1%,0.6%,剧情,喜剧,奇幻,冒险,
把哥哥退货可以吗？ น้อง.พี่.ที่รัก;5.4;2387,3.3%,14.4%,39.0%,33.7%,9.6%,喜剧,爱情,
毒战 독전;6.4;10647,7.4%,23.9%,52.6%,13.8%,2.4%,动作,犯罪,
人尽皆知 Todos lo saben;5.9;870,3.9%,17.8%,51.3%,22.7%,4.4%,剧情,悬疑,
神童 The Prodigy;6.1;361,5.3%,19.7%,52.0%,19.1%,3.9%,惊悚,恐怖,
提高音量！我根本听不懂你在唱什么！！ 音量を上げろタコ！なに歌ってんのか全然わかんねぇんだよ！！;5.2;318,5.2%,10.4%,39.0%,30.9%,14.5%,喜剧,
视觉 Vision;5.5;302,4.7%,17.2%,35.5%,34.8%,7.8%,剧情,
纯平，再想想 純平、考え直せ;6.7;343,10.6%,23.9%,55.3%,9.5%,0.8%,
假面骑士平成世代 FINAL Build & EX-AID with 传说骑士 仮面ライダー平成ジェネレーションズ FINAL;7.1;306,20.0%,27.3%,43.3%,7.8%,1.6%,动作,科幻,
接吻的饺子 キスできる餃子;5.2;353,2.6%,7.5%,47.6%,33.3%,9.0%,剧情,爱情,
云端之上 Beyond the Clouds;6.8;354,8.2%,33.7%,47.9%,9.2%,1.1%,剧情,家庭,
血脉之树 El Árbol de la Sangre;6.4;335,7.0%,26.4%,47.9%,14.8%,3.9%,剧情,
人生学校 L'école buissonnière;7.5;312,17.6%,45.7%,33.2%,2.0%,1.6%,剧情,喜剧,家庭,
幻想游戏 イマジネーションゲーム;5.3;382,3.4%,11.5%,42.9%,31.1%,11.1%,
大剧院 Большой;7.3;335,16.2%,37.1%,41.0%,4.7%,1.1%,剧情,
恋爱成瘾 Love Addict;5.7;326,5.2%,13.0%,49.8%,27.1%,4.8%,喜剧,
独角兽商店 Unicorn Store;6.3;682,8.0%,25.2%,43.7%,19.3%,3.8%,喜剧,
最后一个音符 Το Τελευταίο Σημείωμα;6.2;340,5.6%,21.8%,54.4%,15.4%,2.8%,剧情,战争,
无痛侠 Mard Ko Dard Nahin Hota;5.1;708,2.9%,7.9%,41.7%,35.3%,12.2%,喜剧,动作,
果戈里·复仇 Гоголь. Страшная месть;6.9;448,13.0%,31.2%,44.5%,9.1%,2.2%,悬疑,惊悚,奇幻,冒险,
天使降临 The Angel;6.8;312,5.3%,37.6%,48.1%,8.3%,0.8%,剧情,惊悚,
索妮 Soni;6.5;352,5.9%,26.0%,56.1%,11.1%,1.0%,剧情,
你不是一个人;5.8;615,2.2%,22.5%,47.2%,21.3%,6.7%,爱情,奇幻,
好想吃拉面！ ラーメン食いてぇ！;6.0;379,5.8%,19.2%,49.2%,21.1%,4.8%,喜剧,家庭,
永不止息 Never Steady, Never Still;7.7;441,20.6%,50.8%,24.7%,3.1%,0.8%,剧情,
洗漱睡觉吧， 宝贝！ Les dents, pipi et au lit;6.2;323,4.4%,19.1%,59.6%,15.8%,1.1%,喜剧,
索比堡 Собибор;6.3;341,6.5%,21.5%,53.8%,15.3%,2.9%,历史,战争,
一生 Life Itself;7.0;425,19.8%,27.8%,36.6%,12.4%,3.3%,剧情,爱情,
精灵怪物：疯狂之旅 Happy Family;5.1;590,2.2%,10.8%,39.8%,35.5%,11.8%,喜剧,动画,家庭,
威慑与恐吓 Shock and Awe;6.7;345,10.5%,26.4%,50.9%,10.5%,1.8%,传记,历史,战争,
接线员 接線員;6.1;395,3.5%,19.9%,56.9%,15.5%,4.1%,剧情,
心之界限;5.8;745,8.7%,17.4%,43.5%,17.4%,13.0%,剧情,爱情,家庭,
该死的歌德3 Fack ju Göhte 3;6.3;340,8.0%,20.2%,53.2%,15.2%,3.4%,剧情,喜剧,
公路冤家 Links of Life;7.5;442,19.6%,42.5%,32.0%,5.4%,0.5%,剧情,
涂样人生 Tinta Bruta;7.2;841,11.6%,44.3%,37.4%,5.0%,1.5%,剧情,同性,
第一缕曙光 First Light;5.1;342,4.6%,7.8%,39.5%,33.5%,14.6%,科幻,惊悚,
落难女子 Damsel;5.6;324,5.0%,10.8%,47.3%,30.8%,6.2%,剧情,喜剧,西部,
花悸;5.4;408,15.5%,8.5%,26.8%,26.8%,22.5%,爱情,科幻,惊悚,
圣诞星 The Star;6.3;333,8.4%,22.5%,49.6%,15.3%,4.2%,喜剧,动画,冒险,
动物之家婚礼记 Gaspard va au mariage;6.5;323,8.1%,27.5%,50.0%,12.0%,2.3%,喜剧,爱情,
下海;7.1;3804,9.8%,42.0%,41.0%,6.2%,1.0%,剧情,
蓝蜥蜴俱乐部 Blue Iguana;6.7;914,13.3%,24.4%,48.8%,11.3%,2.2%,喜剧,
飞翔吧！埼玉 翔んで埼玉;8.1;401,30.5%,46.7%,20.7%,1.5%,0.6%,喜剧,
查帕奎迪克 Chappaquiddick;5.9;325,4.1%,17.5%,54.9%,18.3%,5.2%,剧情,惊悚,历史,
303;7.7;576,21.8%,48.4%,25.7%,3.5%,0.6%,剧情,
独家记忆番外之相信爱;6.5;2891,7.7%,28.9%,48.0%,14.0%,1.4%,爱情,
范保德;6.8;526,9.4%,37.4%,40.1%,11.4%,1.8%,剧情,
独家记忆番外之再见爱;6.5;2512,6.8%,24.5%,57.3%,9.5%,2.0%,爱情,
露水风波 Crash Pad;6.0;308,4.7%,17.8%,55.0%,18.6%,3.9%,喜剧,
关于我情敌的一切 드라마 스테이지 - 내 연적의 모든 것;7.0;378,13.1%,37.1%,40.3%,7.7%,1.9%,爱情,
面包，巴士和第二次初恋 パンとバスと2度目のハツコイ;6.9;569,12.5%,33.3%,43.4%,9.9%,0.9%,喜剧,
无眠夜 No dormirás;5.5;364,4.0%,11.7%,45.6%,34.6%,4.0%,恐怖,
世界属于你 Le monde est à toi;5.9;352,3.4%,17.8%,52.0%,22.8%,4.0%,喜剧,犯罪,
哥哥 Un frère;7.5;620,18.2%,42.2%,35.5%,3.3%,0.7%,剧情,同性,
领先者 The Front Runner;6.0;637,4.5%,13.2%,60.9%,19.4%,2.0%,剧情,传记,
假面骑士亚马逊们剧场版 最后的审判 仮面ライダーアマゾンズ THE MOVIE 最後ノ審判;7.6;356,30.6%,33.2%,26.6%,6.3%,3.3%,动作,科幻,
把外婆放进冰箱 Metti la Nonna in Freezer;6.6;882,6.8%,26.1%,57.3%,8.7%,1.1%,喜剧,爱情,
洗屋 ルームロンダリング;7.0;391,11.6%,37.0%,44.1%,6.1%,1.3%,剧情,
最后的日出;5.9;1097,9.2%,20.3%,39.9%,17.6%,13.1%,科幻,
好警察坏警察2 Bon Cop Bad Cop 2;5.8;335,4.9%,15.8%,50.2%,21.1%,7.9%,喜剧,动作,犯罪,
远方 Out;6.4;310,6.4%,27.3%,48.7%,15.7%,1.9%,剧情,
滚动的钢蛋;6.3;1276,9.0%,22.6%,45.9%,19.4%,3.2%,喜剧,
杀死希特勒与大脚怪的人 The Man Who Killed Hitler and Then the Bigfoot;6.1;942,8.4%,17.5%,49.7%,18.8%,5.6%,剧情,冒险,
假面骑士Build：只有一个答案 劇場版 仮面ライダービルド Be The One;7.3;384,17.4%,35.9%,40.9%,3.6%,2.1%,动作,科幻,
金城档案;7.0;250,12.0%,40.0%,36.0%,10.0%,2.0%,剧情,
汉娜格蕾丝的着魔 The Possession of Hannah Grace;5.2;1262,2.9%,9.5%,42.7%,35.4%,9.6%,悬疑,惊悚,恐怖,
北之樱守 北の桜守;6.2;354,7.4%,23.8%,46.5%,17.0%,5.3%,剧情,
高飞鸟 High Flying Bird;6.3;492,6.4%,25.3%,48.7%,16.6%,3.1%,剧情,运动,
狂徒;6.3;607,8.0%,21.9%,52.1%,15.1%,2.9%,剧情,
运动学概论;5.4;350,8.4%,7.2%,38.6%,36.1%,9.6%,剧情,
信仰者;6.2;615,13.7%,21.6%,39.2%,13.7%,11.8%,剧情,传记,历史,
玛德琳的玛德琳 Madeline's Madeline;5.8;379,8.9%,19.7%,35.4%,22.9%,13.1%,剧情,悬疑,惊悚,
夏末秋至 Zwischen Sommer und Herbst;6.4;391,9.2%,23.7%,46.9%,17.8%,2.4%,爱情,同性,
大汉十三将之血战疏勒城;6.0;1348,8.6%,21.6%,38.9%,21.6%,9.2%,历史,
大叔花样游泳队 Swimming with Men;6.8;1104,9.6%,28.9%,53.0%,7.1%,1.4%,剧情,喜剧,运动,
喜得千金 Badhaai Ho;6.6;713,6.4%,28.7%,54.1%,9.6%,1.3%,剧情,喜剧,爱情,家庭,
安娜和世界末日 Anna and the Apocalypse;5.8;500,4.4%,15.6%,51.2%,23.5%,5.3%,喜剧,恐怖,歌舞,
蜜谋逃杀 What Keeps You Alive;5.1;358,2.1%,10.1%,40.1%,37.3%,10.5%,惊悚,
约翰·木兰尼：无线电城的俊小伙儿 John Mulaney: Kid Gorgeous at Radio City;7.5;382,19.9%,41.5%,32.5%,5.8%,0.3%,
的士诡谈;6.7;449,12.5%,33.8%,37.5%,10.0%,6.3%,喜剧,悬疑,恐怖,
请问您今天要来点兔子吗 剧场版 ご注文はうさぎですか？？～Dear My Sister～;8.2;488,41.8%,33.7%,19.1%,2.9%,2.6%,喜剧,动画,
艾什 Asher;5.7;403,3.1%,14.5%,54.0%,22.5%,5.9%,剧情,惊悚,犯罪,
欢迎回家 Welcome Home;5.1;461,2.4%,10.0%,41.7%,34.1%,11.7%,惊悚,
刺透 Piercing;5.7;851,5.0%,14.8%,46.6%,25.5%,8.1%,惊悚,
雷霆之路 Thunder Road;6.5;427,7.0%,29.7%,49.3%,10.4%,3.6%,剧情,喜剧,
四月的长久梦 四月の永い夢;7.1;527,11.2%,36.7%,46.6%,5.1%,0.5%,剧情,
午夜人 Midnighters;5.1;343,2.8%,9.1%,39.6%,37.5%,10.9%,恐怖,
Free! 男子游泳部 特别版 Free! -Take Your Marks-;8.1;610,35.1%,41.6%,20.2%,1.2%,1.9%,剧情,动画,运动,
萨布丽娜的惊心冒险：圣诞特别集 Chilling Adventures of Sabrina: A Midwinter's Tale;6.8;498,11.4%,25.8%,54.5%,6.6%,1.7%,剧情,恐怖,奇幻,
小悟空;5.0;733,5.5%,11.0%,35.2%,25.3%,23.1%,喜剧,动画,冒险,
德云社丁酉年封箱庆典2018;7.7;444,21.5%,50.5%,22.4%,4.7%,0.9%,
少女邂逅;6.7;787,12.9%,28.3%,44.4%,11.6%,2.8%,剧情,
四大名捕之食人梦界;5.7;746,10.3%,7.7%,48.7%,23.1%,10.3%,动作,奇幻,武侠,
余兴派对 The After Party;6.0;333,6.9%,16.6%,51.3%,18.8%,6.5%,喜剧,音乐,
美好的危险丑闻 素敵なダイナマイトスキャンダル;6.8;665,8.8%,34.0%,48.4%,6.2%,2.6%,剧情,
无聊现代生活 Modern Life Is Rubbish;6.5;311,11.1%,23.3%,46.7%,17.4%,1.5%,喜剧,爱情,音乐,
森林奇缘 Викрадена принцеса: Руслан i Людмила;5.6;699,5.3%,12.0%,46.6%,29.3%,6.8%,喜剧,动画,奇幻,
锈溪惊魂 Rust Creek;5.5;744,2.7%,11.2%,53.8%,25.3%,7.0%,剧情,惊悚,
雪中灰 Ashes in the Snow;6.6;670,12.4%,19.9%,54.1%,11.3%,2.3%,剧情,历史,
触不可及(美版) The Upside;8.4;8599,42.0%,38.2%,17.1%,2.1%,0.5%,剧情,喜剧,
外遇 En affære;5.6;984,4.0%,13.6%,49.4%,26.9%,6.1%,剧情,惊悚,
刺杀风云;6.4;719,14.6%,25.8%,33.7%,18.0%,7.9%,剧情,动作,
绝对恋爱命令 わたしに××しなさい！;5.2;1112,5.2%,10.1%,37.1%,36.6%,11.0%,爱情,
1985;7.9;913,20.3%,55.9%,21.1%,1.7%,1.0%,剧情,同性,
海上浮城;5.4;1051,3.1%,19.1%,37.3%,27.1%,13.4%,剧情,
啄木鸟伍迪 Woody Woodpecker;5.5;325,7.4%,8.9%,41.1%,34.8%,7.8%,喜剧,动画,
外星人狙击战 ムタフカズ;7.2;839,12.0%,43.0%,40.3%,4.0%,0.7%,动作,科幻,动画,
草叶集 풀잎들;6.2;2186,6.7%,23.2%,45.9%,20.9%,3.3%,剧情,
艾拉妮丝 Alanis;5.8;540,6.4%,12.2%,54.1%,22.0%,5.3%,剧情,
大路朝天;5.8;564,15.1%,12.9%,38.7%,16.1%,17.2%,剧情,
李保国;7.5;1170,30.5%,35.4%,22.0%,2.4%,9.8%,剧情,传记,
夜校 Night School;5.7;1078,3.2%,13.3%,52.2%,27.5%,3.8%,喜剧,
22号追击者 22 Chaser;6.5;436,10.6%,26.9%,44.1%,15.8%,2.6%,剧情,动作,
贼王 King of Thieves;5.5;1582,2.1%,9.8%,53.0%,29.8%,5.2%,剧情,动作,犯罪,
买下我 Kupi menya;5.3;592,5.6%,11.0%,38.4%,32.6%,12.4%,剧情,
美丽人生 비밥바룰라;6.7;369,11.1%,26.6%,51.8%,8.9%,1.6%,喜剧,
恐龙王;5.7;874,6.3%,20.6%,37.3%,23.8%,11.9%,喜剧,动画,冒险,
虹色时光 虹色デイズ;6.2;505,5.5%,21.4%,52.6%,16.2%,4.3%,剧情,
贴身女保镖 Close;5.3;1933,3.2%,9.1%,42.9%,37.6%,7.3%,动作,惊悚,
向阳的日子;6.3;512,8.8%,26.4%,41.8%,16.5%,6.6%,剧情,
复仇岛 리벤져;5.0;1264,4.1%,8.5%,34.9%,38.5%,14.1%,动作,
罗姆男孩 A Ciambra;6.6;346,7.1%,30.2%,50.2%,12.1%,0.4%,剧情,犯罪,
黑衣女人 Ladies in Black;7.2;1006,12.1%,40.7%,42.1%,4.1%,0.9%,剧情,喜剧,
2018-2019湖南卫视跨年演唱会;5.2;495,6.3%,8.8%,40.0%,30.0%,15.0%,音乐,歌舞,真人秀,
极速杀机 Speed Kills;5.1;521,3.0%,7.6%,44.7%,33.1%,11.6%,剧情,动作,犯罪,
完美家庭 A casa tutti bene;6.9;403,13.4%,28.0%,49.6%,8.2%,0.9%,剧情,喜剧,爱情,
印度制造 Sui Dhaaga - Made In India;6.9;1209,12.0%,30.7%,46.8%,9.0%,1.4%,剧情,喜剧,
白人男孩瑞克 White Boy Rick;6.2;605,5.7%,20.9%,54.4%,16.0%,3.0%,剧情,犯罪,
宿命，吾爱：第一部 Mektoub, My Love: Canto Uno;6.7;443,8.6%,39.0%,35.8%,12.6%,4.0%,剧情,爱情,
守塔人 The Vanishing;6.2;1062,5.8%,18.7%,55.5%,17.7%,2.3%,剧情,悬疑,惊悚,
少女的世界 소녀의 세계;6.7;1111,13.9%,28.0%,42.5%,12.7%,2.9%,剧情,
哥斯拉：噬星者 GODZILLA 星を喰う者;5.8;3082,8.5%,15.2%,40.9%,26.4%,9.0%,动作,科幻,动画,
同名男子;6.7;1499,6.5%,34.8%,48.1%,9.4%,1.3%,剧情,悬疑,犯罪,
照相师;5.1;771,8.4%,9.6%,33.7%,27.1%,21.1%,剧情,历史,
所有邪佞之人 All the Devil's Men;6.3;1062,7.0%,23.7%,47.8%,18.3%,3.2%,动作,
切小金家的旅馆 切小金家的旅館;6.0;1067,6.0%,20.5%,49.9%,17.2%,6.4%,喜剧,恐怖,
姨母的诱惑 이모의유혹;5.4;336,9.8%,10.3%,36.6%,24.7%,18.6%,爱情,情色,
滑板厨房 Skate Kitchen;6.8;425,13.2%,25.6%,50.3%,9.6%,1.4%,剧情,
富美子之足 富美子の足;5.1;845,7.1%,10.5%,30.2%,35.8%,16.4%,剧情,
汉普斯特德公园 Hampstead;7.1;437,12.5%,34.1%,47.5%,5.1%,0.8%,剧情,喜剧,爱情,
超豪华！！最初也是最后的大同窗会！8时J 超豪華！！ 最初で最後の大同窓会！8時だJ;9.2;673,70.2%,20.1%,8.0%,0.4%,1.2%,真人秀,脱口秀,
七大罪：天空的囚人 劇場版 七つの大罪 天空の囚われ人;6.1;1181,7.4%,17.0%,54.8%,17.0%,3.7%,动画,奇幻,冒险,
神秘博士元旦特辑：新年决心 Doctor Who: Resolution;5.9;485,6.8%,14.1%,54.2%,18.6%,6.3%,科幻,悬疑,
乔纳森 Jonathan;6.4;519,5.5%,26.0%,53.0%,13.8%,1.7%,剧情,科幻,
地狱游乐园 Hell Fest;5.6;1183,3.5%,13.7%,46.9%,29.6%,6.4%,恐怖,
心跳砰砰响 Hearts Beat Loud;6.5;338,8.9%,27.3%,47.9%,14.2%,1.8%,剧情,喜剧,音乐,
蕾丝炸弹 Lez Bomb;5.5;440,4.3%,11.8%,46.0%,30.3%,7.5%,喜剧,同性,
饺子公主 Dumplin';5.9;676,3.4%,17.5%,52.7%,22.2%,4.1%,剧情,喜剧,歌舞,
增速驱动 OVER DRIVE;6.2;1041,6.0%,18.2%,56.1%,16.9%,2.8%,动作,
第69届NHK红白歌会 第69回NHK紅白歌合戦;8.3;1946,32.5%,50.7%,15.2%,0.7%,0.9%,音乐,歌舞,真人秀,
切肤之痛 Sulla mia pelle;6.5;385,7.3%,26.8%,51.4%,12.8%,1.6%,剧情,
人间，空间，时间和人 인간, 공간, 시간 그리고 인간;5.9;3251,10.3%,20.3%,35.9%,21.9%,11.7%,剧情,
M/M;5.4;444,5.4%,12.1%,38.8%,34.0%,9.7%,剧情,惊悚,同性,
善良的嫂子2 착한 형수2;5.2;282,9.4%,10.0%,35.0%,22.5%,23.1%,剧情,爱情,情色,
人狼游戏：地狱 人狼ゲーム インフェルノ;5.9;441,8.1%,15.7%,46.6%,23.3%,6.2%,剧情,惊悚,
收割伊丽莎白 Elizabeth Harvest;5.8;1774,4.5%,16.2%,49.6%,25.7%,3.9%,科幻,惊悚,
保镖 Lukas;5.2;781,3.5%,8.7%,41.8%,36.0%,10.1%,动作,惊悚,犯罪,
大诱拐2018 大誘拐2018;6.1;296,5.4%,19.5%,58.4%,10.0%,6.8%,剧情,犯罪,
调音师 Andhadhun;8.3;250607,34.3%,48.1%,15.6%,1.8%,0.3%,喜剧,悬疑,惊悚,犯罪,
烧肉龙 焼肉ドラゴン;6.4;902,9.4%,23.0%,50.4%,14.5%,2.7%,剧情,家庭,
暗杀国度 Assassination Nation;5.3;1172,6.2%,11.6%,38.7%,30.5%,13.1%,惊悚,犯罪,
贤妻 The Wife;7.2;6003,11.5%,42.1%,41.5%,4.2%,0.7%,剧情,
和詹姆斯·迪恩一起生活 Ma vie avec James Dean;6.9;506,13.7%,34.7%,39.2%,9.9%,2.6%,喜剧,同性,
女先行者 Woman Walks Ahead;6.7;403,11.4%,24.6%,53.5%,9.8%,0.6%,剧情,传记,历史,西部,
只有大海知道;7.2;159,16.3%,43.4%,29.5%,4.7%,6.2%,剧情,歌舞,家庭,儿童,
卖身 Doing Money;6.5;944,8.6%,26.0%,51.1%,11.9%,2.4%,剧情,犯罪,
精灵宝可梦：大家的故事 劇場版 ポケットモンスター みんなの物語;6.9;1993,13.7%,31.6%,44.5%,8.6%,1.7%,动画,奇幻,冒险,
音乐之光 Mademoiselle Paradis;6.8;262,7.6%,35.6%,47.1%,9.8%,0.0%,剧情,历史,
2018天猫双十一狂欢夜;5.8;254,20.8%,4.2%,33.3%,29.2%,12.5%,歌舞,真人秀,
午夜巴士 ミッドナイト・バス;7.7;1203,20.2%,49.9%,25.2%,3.8%,0.8%,剧情,
末世家园 The Domestics;5.2;609,3.4%,8.2%,42.2%,36.0%,10.2%,惊悚,恐怖,
热狗 Hot Dog;5.7;402,3.4%,13.6%,51.7%,25.4%,5.9%,喜剧,动作,
幸福城市;5.9;365,5.1%,15.8%,53.2%,22.2%,3.8%,剧情,科幻,犯罪,
于特岛7月22日 Utøya 22. juli;6.0;1020,6.7%,18.5%,48.7%,19.4%,6.7%,剧情,惊悚,
鸡皮疙瘩2：闹鬼万圣节 Goosebumps: Haunted Halloween;5.4;2095,2.9%,9.3%,46.9%,34.3%,6.6%,喜剧,恐怖,奇幻,冒险,
双套结杀手 The Clovehitch Killer;6.2;1115,3.7%,20.3%,60.3%,13.3%,2.4%,剧情,悬疑,惊悚,
吹响悠风号剧场版：想要传达的旋律 劇場版 響け！ユーフォニアム～届けたいメロディ～;8.9;674,55.5%,34.7%,7.8%,1.1%,0.9%,剧情,动画,
半个女友 Half Girlfriend;5.9;387,10.8%,17.5%,36.7%,26.6%,8.4%,剧情,爱情,
千次伤我心 I Still See You;6.4;1136,7.7%,23.1%,54.0%,12.6%,2.7%,惊悚,奇幻,
屋顶探险家 Guarda in alto;6.6;447,8.4%,28.5%,49.9%,10.4%,2.9%,冒险,
森林之子毛克利 Mowgli;6.3;2178,6.3%,20.1%,58.0%,14.1%,1.4%,剧情,冒险,
诡怪疑云 Aterrados;6.7;8029,10.5%,32.6%,42.8%,11.4%,2.7%,恐怖,
无可隐藏 Le jeu;6.4;883,5.4%,26.9%,53.6%,11.8%,2.3%,喜剧,
陌路之恋 Same Kind of Different as Me;6.9;367,14.9%,29.8%,41.2%,11.4%,2.8%,剧情,
女继承者 Las herederas;7.2;1679,11.0%,43.9%,40.4%,3.5%,1.1%,剧情,同性,
不要碰我 Nu mă atinge-mă;6.6;1282,13.4%,29.8%,35.2%,14.3%,7.3%,剧情,
白兰 The White Orchid;5.5;882,3.6%,14.5%,42.9%,31.0%,8.1%,剧情,惊悚,
留夏;7.7;524,28.2%,34.6%,30.8%,5.1%,1.3%,剧情,儿童,
忍者通告;6.1;415,8.2%,31.6%,28.6%,20.4%,11.2%,喜剧,
填满 Feed;5.9;344,6.2%,18.8%,44.2%,23.2%,7.6%,剧情,
利兹与青鸟 リズと青い鳥;8.6;11438,48.9%,33.6%,14.6%,2.2%,0.7%,剧情,动画,音乐,
高速路上一只猫 Come un gatto in tangenziale;7.2;634,10.8%,43.0%,40.7%,4.6%,1.0%,喜剧,
多甫拉托夫 Довлатов;7.3;822,9.1%,50.8%,34.9%,4.0%,1.2%,剧情,传记,
丽兹 Lizzie;6.0;2143,4.8%,16.6%,57.0%,18.9%,2.6%,剧情,传记,犯罪,
大地震 Skjelvet;5.4;1033,2.9%,11.0%,46.5%,32.3%,7.3%,剧情,灾难,
南茜 Nancy;6.8;523,9.7%,31.4%,48.9%,9.3%,0.7%,剧情,
小小陌生人 The Little Stranger;5.8;769,4.5%,13.9%,52.1%,24.8%,4.7%,剧情,悬疑,惊悚,恐怖,
西部 Western;6.6;369,8.1%,28.9%,50.0%,11.4%,1.6%,剧情,
诗歌天使 ポエトリーエンジェル;6.9;391,10.8%,32.7%,45.4%,10.8%,0.3%,剧情,
我们，动物 We the Animals;7.6;2038,17.7%,50.8%,27.4%,3.0%,1.1%,剧情,同性,
沉睡蝴蝶 蝶の眠り;6.6;684,11.1%,22.6%,51.8%,11.5%,2.9%,剧情,爱情,
拯救圣诞记 The Christmas Chronicles;6.9;1742,11.8%,28.9%,51.3%,6.7%,1.3%,喜剧,
恶魔的请柬 Sebelum Iblis Menjemput;5.7;1063,5.0%,16.8%,45.9%,24.7%,7.6%,恐怖,
婚情告急 The Feels;5.2;381,2.0%,14.7%,35.7%,34.7%,13.0%,喜剧,
除蚤武士 のみとり侍;6.0;2760,3.9%,16.6%,57.3%,19.9%,2.4%,喜剧,情色,
银行家的抵抗 Bankier van het Verzet;7.2;601,12.9%,42.1%,39.0%,5.7%,0.4%,剧情,战争,
告别茉莉 มะลิลา;6.3;523,6.9%,23.8%,48.0%,17.8%,3.6%,剧情,同性,
欢乐时光谋杀案 The Happytime Murders;6.3;1565,7.6%,22.4%,51.4%,15.0%,3.6%,喜剧,动作,悬疑,犯罪,
以青春的名义 以青春的名義;6.4;405,6.7%,27.8%,47.1%,15.2%,3.2%,爱情,家庭,
心怀恶意 Malicious;5.1;584,3.9%,8.5%,37.9%,37.9%,11.8%,惊悚,恐怖,
寂静之乐 La musica del silenzio;6.9;377,11.7%,32.8%,47.2%,8.0%,0.3%,传记,
一条叫招财的鱼;5.6;803,7.4%,16.1%,36.9%,28.9%,10.7%,剧情,
公主大对换 The Princess Switch;5.8;2104,5.0%,15.6%,49.7%,25.0%,4.8%,喜剧,爱情,家庭,
大马士革掩护行动 Damascus Cover;5.9;440,5.2%,12.4%,55.7%,23.3%,3.4%,悬疑,惊悚,
高更：爱在他乡 Gauguin - Voyage de Tahiti;6.6;554,9.7%,25.1%,52.8%,10.3%,2.1%,剧情,爱情,传记,
恋爱关系 In a Relationship;5.8;699,3.5%,15.4%,54.3%,23.2%,3.7%,喜剧,
狼屋 La casa lobo;8.0;2240,29.3%,47.2%,19.3%,2.6%,1.7%,剧情,动画,恐怖,
四大名捕之入梦妖灵;5.2;1036,2.4%,11.4%,43.7%,29.3%,13.2%,动作,悬疑,武侠,
星溪的三次奇遇;5.8;1009,7.3%,17.8%,39.8%,28.8%,6.3%,剧情,奇幻,冒险,
我是谁的宝贝;5.3;379,14.9%,9.0%,22.4%,34.3%,19.4%,剧情,家庭,犯罪,
第55届金马奖颁奖典礼‎ 第55屆金馬獎頒獎典禮;6.2;3836,16.6%,27.2%,26.8%,8.6%,20.7%,真人秀,
55步 55 Steps;7.8;655,20.3%,51.4%,26.8%,1.1%,0.4%,剧情,传记,
朋友游戏 真人版下 トモダチゲーム　劇場版FINAL;6.6;477,8.9%,26.5%,53.1%,10.5%,1.0%,剧情,悬疑,
同族 Kin;5.2;875,3.7%,8.8%,43.6%,33.4%,10.5%,动作,科幻,惊悚,
飓风行动 Hurricane;6.1;1191,5.1%,17.7%,58.7%,15.4%,3.1%,剧情,战争,
芦苇荡的时光 A Moment in the Reeds;7.0;1157,10.9%,35.8%,44.9%,7.0%,1.4%,剧情,爱情,同性,
窈窕淑女前篇：红绪，花样的17岁 劇場版 はいからさんが通る 前編 ～紅緒、花の17歳～;7.5;563,21.0%,41.8%,32.1%,3.4%,1.8%,剧情,喜剧,动画,战争,
超级苍蝇 SuperFly;5.4;405,7.4%,11.7%,40.1%,22.8%,17.9%,动作,惊悚,犯罪,
基伯龙三日 3 Tage in Quiberon;7.3;767,10.5%,49.3%,36.0%,3.0%,1.3%,剧情,
夫人 Madame;7.1;1450,9.2%,40.8%,45.3%,4.5%,0.2%,剧情,喜剧,爱情,
外婆 Ajji;6.7;447,9.1%,24.4%,59.3%,5.5%,1.7%,剧情,
刺心 Un couteau dans le cœur;6.7;3698,11.9%,33.6%,38.0%,12.7%,3.8%,剧情,惊悚,同性,犯罪,
盲点 Blindspotting;7.4;3573,16.0%,44.2%,33.1%,5.4%,1.4%,剧情,喜剧,犯罪,
玛琳娜的杀戮四段式 Marlina Si Pembunuh dalam Empat Babak;6.2;724,6.0%,22.5%,51.4%,16.5%,3.6%,剧情,惊悚,
黑仙女 Pari;5.1;438,4.1%,8.9%,37.9%,35.4%,13.7%,惊悚,恐怖,
闺蜜室友 Ami-ami;5.7;432,6.3%,11.2%,51.3%,25.2%,6.0%,剧情,喜剧,
货架之间 In den Gängen;7.3;1688,12.4%,46.1%,36.4%,4.4%,0.7%,剧情,爱情,
重金属囧途 Hevi reissu;7.6;6296,22.2%,43.4%,29.4%,4.0%,0.9%,喜剧,音乐,
谁先爱上他的 誰先愛上他的;8.6;155806,44.8%,43.9%,10.1%,0.8%,0.4%,剧情,喜剧,同性,
忍无可忍 Tyler Perry's Acrimony;5.7;377,10.0%,15.5%,36.9%,26.9%,10.7%,剧情,惊悚,
黑色1847 Black 47;7.1;1339,10.7%,40.1%,44.8%,3.8%,0.5%,剧情,
最后得分 Final Score;6.3;1590,5.6%,20.2%,60.2%,12.7%,1.3%,动作,
赤裸朱丽叶 Juliet, Naked;6.7;1475,6.1%,34.4%,50.5%,7.9%,1.1%,剧情,喜剧,爱情,音乐,
温柔女子 Une Femme Douce;6.3;388,5.1%,27.5%,47.2%,16.5%,3.8%,剧情,悬疑,
那年1987;6.5;1862,13.9%,27.3%,35.4%,17.2%,6.2%,剧情,爱情,
纯真年代;6.1;606,13.7%,19.1%,35.1%,23.7%,8.4%,剧情,家庭,儿童,
黑暗迷宫;5.4;2691,3.8%,14.4%,40.7%,30.5%,10.6%,悬疑,犯罪,
巴比龙 Papillon;7.6;8002,15.6%,49.2%,32.8%,2.2%,0.2%,剧情,悬疑,犯罪,
嫂子的职业 형수의 직업;5.5;379,11.4%,10.3%,34.8%,28.8%,14.7%,情色,
衣柜里的冒险王 The Extraordinary Journey of The Fakir;6.7;977,9.7%,26.5%,53.8%,9.3%,0.7%,剧情,喜剧,
奇妙幽灵 원더풀 고스트;5.7;1065,5.2%,11.8%,52.8%,24.8%,5.3%,喜剧,奇幻,
物怪 물괴;5.3;1845,2.8%,9.1%,46.2%,34.7%,7.1%,动作,奇幻,
此刻只有你共我 I Think We're Alone Now;5.7;865,4.8%,14.6%,47.9%,26.6%,6.1%,科幻,
谷粒 Buğday;6.5;408,6.5%,30.6%,48.5%,11.7%,2.8%,剧情,
带我去月球 帶我去月球;6.3;654,9.6%,24.0%,40.8%,24.0%,1.6%,剧情,奇幻,
柯莱特 Colette;7.5;7696,15.8%,47.6%,34.2%,2.1%,0.4%,剧情,传记,历史,
代号基亚斯：反叛的鲁路修2之叛道 コードギアス 反逆のルルーシュⅡ 叛道;8.3;682,40.9%,36.7%,19.3%,2.3%,0.7%,动画,
恋爱的我是女主角吗？ プリンシパル 恋する私はヒロインですか？;5.2;1022,3.5%,9.0%,43.5%,32.7%,11.2%,爱情,
为爱叛逆2之逆战到底 Baaghi 2: A Rebel For Love;5.8;374,9.6%,13.6%,41.5%,26.8%,8.5%,动作,惊悚,
明堂 명당;6.1;1129,6.8%,16.3%,57.5%,15.8%,3.6%,剧情,
小狗奶瓶;6.5;485,17.1%,23.9%,35.9%,13.7%,9.4%,家庭,儿童,
狂野生活 Wildlife;7.2;5870,10.2%,46.4%,39.2%,3.7%,0.6%,剧情,
加尔维斯顿 Galveston;6.8;2816,9.6%,32.6%,48.3%,8.0%,1.5%,动作,惊悚,犯罪,
好孩子 As Boas Maneiras;6.6;566,7.3%,31.7%,45.8%,12.7%,2.5%,剧情,恐怖,奇幻,
三角草的春天 ミスミソウ;5.9;1962,8.9%,16.9%,41.5%,23.3%,9.4%,剧情,
幼儿园教师 The Kindergarten Teacher;7.6;2269,15.2%,55.4%,26.2%,2.7%,0.4%,剧情,
篮球冠军 Campeones;7.2;1703,12.9%,41.9%,40.7%,3.6%,1.0%,剧情,喜剧,运动,
野小子们 Les Garçons sauvages;7.3;3227,17.4%,41.6%,30.7%,7.3%,3.0%,剧情,悬疑,奇幻,冒险,
地狱铁匠 Errementari;6.3;957,6.7%,22.4%,51.0%,16.7%,3.2%,恐怖,奇幻,
真爱百分百 Tout le monde debout;7.6;4055,15.8%,49.5%,31.7%,2.7%,0.3%,喜剧,爱情,
大闹西游;5.3;1263,4.7%,12.6%,39.5%,29.5%,13.7%,喜剧,动画,冒险,
最终行动 Operation Finale;6.3;1146,6.0%,23.1%,55.4%,12.3%,3.2%,剧情,传记,历史,
错误教育 The Miseducation of Cameron Post;6.6;4417,6.8%,28.9%,53.3%,9.8%,1.3%,剧情,同性,
匪医诺克 Knock;6.6;433,7.2%,29.6%,52.5%,8.7%,2.0%,喜剧,
别担心，他不会走远的 Don't Worry, He Won't Get Far on Foot;6.0;596,6.0%,19.0%,47.6%,21.5%,5.8%,剧情,传记,
人言可畏 Hva vil folk si;7.6;1348,13.9%,55.6%,27.4%,2.6%,0.5%,剧情,
私人生活 Private Life;7.6;4603,13.5%,53.7%,29.8%,2.6%,0.3%,剧情,
花牌情缘：结 ちはやふる 結び;7.9;5583,26.4%,45.1%,25.4%,2.4%,0.7%,剧情,
诱拐法庭～七天～ 誘拐法廷〜セブンデイズ〜;6.1;569,5.3%,16.2%,58.0%,17.9%,2.7%,剧情,
忠诚 Le Fidèle;5.7;398,3.2%,12.3%,55.7%,23.9%,4.9%,剧情,犯罪,
过境 Transit;7.3;2093,13.1%,45.4%,34.0%,6.2%,1.3%,剧情,
超越边缘 Za granyu realnosti;5.1;634,3.6%,7.3%,41.8%,37.6%,9.7%,动作,奇幻,冒险,
奇迹赛季 The Miracle Season;6.6;502,10.9%,24.4%,51.4%,11.4%,2.0%,剧情,运动,
沉默的教室 Das schweigende Klassenzimmer;8.4;9795,34.5%,52.2%,12.1%,0.9%,0.4%,剧情,历史,
快乐王子 The Happy Prince;7.2;3723,13.6%,40.6%,40.8%,4.6%,0.5%,剧情,同性,传记,
嗝嗝老师 Hichki;7.5;48598,16.5%,46.0%,34.2%,3.0%,0.3%,剧情,喜剧,
海鸥 The Seagull;6.9;1007,8.6%,35.9%,48.0%,6.8%,0.7%,剧情,
听说爷爷去世了 おじいちゃん、死んじゃったって。;6.9;691,9.1%,35.0%,49.2%,6.4%,0.4%,剧情,
文豪野犬 Dead Apple 文豪ストレイドッグス Dead Apple;7.6;1813,22.9%,39.8%,32.0%,4.3%,1.1%,动作,动画,
罪人 Den skyldige;7.6;17281,17.6%,49.8%,29.1%,3.1%,0.4%,剧情,惊悚,犯罪,
小意大利 Little Italy;6.3;1554,6.7%,22.7%,53.5%,14.3%,2.8%,喜剧,爱情,
肖申克的救赎 The Shawshank Redemption;9.6;1401309,84.3%,14.0%,1.6%,0.1%,0.1%,剧情,犯罪,
霸王别姬;9.6;1037774,81.4%,16.1%,2.3%,0.2%,0.1%,剧情,爱情,同性,
这个杀手不太冷 Léon;9.4;1279926,74.1%,22.4%,3.2%,0.2%,0.1%,剧情,动作,犯罪,
阿甘正传 Forrest Gump;9.4;1103598,75.7%,21.0%,3.0%,0.2%,0.1%,剧情,爱情,
泰坦尼克号 Titanic;9.3;1044171,72.1%,23.3%,4.2%,0.2%,0.1%,剧情,爱情,灾难,
千与千寻 千と千尋の神隠し;9.3;1029350,70.2%,25.4%,4.2%,0.2%,0.1%,剧情,动画,奇幻,
盗梦空间 Inception;9.3;1109734,69.9%,25.6%,4.1%,0.3%,0.2%,剧情,科幻,悬疑,冒险,
疯狂动物城 Zootopia;9.2;869307,64.1%,30.2%,5.3%,0.3%,0.1%,喜剧,动画,冒险,
忠犬八公的故事 Hachi: A Dog's Tale;9.3;731501,71.3%,23.6%,4.7%,0.3%,0.1%,剧情,
美丽人生 La vita è bella;9.5;646227,79.5%,17.8%,2.5%,0.2%,0.1%,剧情,喜剧,爱情,战争,
摔跤吧！爸爸 Dangal;9.0;771283,60.1%,32.9%,6.4%,0.4%,0.2%,剧情,家庭,传记,运动,
星际穿越 Interstellar;9.2;791528,69.3%,24.7%,5.2%,0.5%,0.4%,剧情,科幻,冒险,
三傻大闹宝莱坞 3 Idiots;9.2;996745,67.5%,25.9%,5.8%,0.6%,0.3%,剧情,喜剧,爱情,歌舞,
楚门的世界 The Truman Show;9.2;762310,66.2%,28.8%,4.7%,0.3%,0.1%,剧情,科幻,
辛德勒的名单 Schindler's List;9.5;576207,77.2%,20.0%,2.6%,0.1%,0.1%,剧情,历史,战争,
大话西游之大圣娶亲 西遊記大結局之仙履奇緣;9.2;771043,67.2%,26.0%,6.1%,0.5%,0.3%,喜剧,爱情,奇幻,古装,
机器人总动员 WALL·E;9.3;735197,71.0%,24.3%,4.3%,0.2%,0.1%,爱情,科幻,动画,冒险,
放牛班的春天 Les choristes;9.3;690072,68.0%,27.6%,4.1%,0.2%,0.1%,剧情,音乐,
怦然心动 Flipped;9.0;890822,59.2%,32.7%,7.5%,0.5%,0.1%,剧情,喜剧,爱情,
龙猫 となりのトトロ;9.2;681655,64.4%,29.3%,5.9%,0.3%,0.1%,动画,奇幻,冒险,
海上钢琴师 La leggenda del pianista sull'oceano;9.2;818016,67.7%,26.2%,5.4%,0.5%,0.2%,剧情,音乐,
无间道 無間道;9.1;633084,63.4%,30.8%,5.5%,0.2%,0.1%,剧情,悬疑,犯罪,
当幸福来敲门 The Pursuit of Happyness;9.0;806575,59.8%,32.8%,6.9%,0.4%,0.1%,剧情,家庭,传记,
熔炉 도가니;9.3;446033,68.9%,26.6%,4.1%,0.3%,0.1%,剧情,
少年派的奇幻漂流 Life of Pi;9.0;805309,60.7%,31.8%,6.8%,0.5%,0.2%,剧情,奇幻,冒险,
触不可及 Intouchables;9.2;533162,65.8%,29.0%,4.8%,0.3%,0.1%,剧情,喜剧,
大话西游之月光宝盒 西遊記第壹佰零壹回之月光寶盒;9.0;622554,57.8%,33.0%,8.4%,0.6%,0.2%,喜剧,爱情,奇幻,古装,
蝙蝠侠：黑暗骑士 The Dark Knight;9.1;514460,64.9%,27.5%,6.9%,0.5%,0.2%,剧情,动作,科幻,惊悚,犯罪,
教父 The Godfather;9.3;500249,69.4%,24.5%,5.4%,0.5%,0.2%,剧情,犯罪,
飞屋环游记 Up;8.9;720908,56.3%,35.5%,7.8%,0.4%,0.1%,剧情,喜剧,动画,冒险,
看不见的客人 Contratiempo;8.8;576760,48.0%,42.6%,8.9%,0.5%,0.1%,剧情,悬疑,惊悚,犯罪,
末代皇帝 The Last Emperor;9.1;312667,63.7%,30.1%,5.8%,0.4%,0.1%,剧情,传记,历史,
让子弹飞;8.7;881823,51.4%,36.5%,10.7%,1.0%,0.4%,剧情,喜剧,动作,西部,
活着;9.2;412096,65.2%,29.2%,5.1%,0.4%,0.1%,剧情,家庭,历史,
罗马假日 Roman Holiday;9.0;539272,57.4%,34.6%,7.6%,0.3%,0.1%,剧情,喜剧,爱情,
哈尔的移动城堡 ハウルの動く城;9.0;523491,58.4%,33.2%,7.8%,0.5%,0.1%,动画,奇幻,冒险,
素媛 소원;9.2;289138,64.4%,30.2%,5.0%,0.3%,0.1%,剧情,
控方证人 Witness for the Prosecution;9.6;176992,81.3%,16.8%,1.7%,0.1%,0.1%,剧情,悬疑,犯罪,
天空之城 天空の城ラピュタ;9.1;473267,61.0%,32.3%,6.4%,0.3%,0.1%,动画,奇幻,冒险,
你的名字。 君の名は。;8.4;693005,42.8%,38.6%,16.4%,1.7%,0.5%,剧情,爱情,动画,
V字仇杀队 V for Vendetta;8.9;597131,55.4%,33.6%,9.6%,1.1%,0.4%,剧情,动作,科幻,惊悚,
阿凡达 Avatar;8.7;737228,49.0%,36.9%,12.7%,1.0%,0.3%,动作,科幻,战争,冒险,
